1 20.3975 0 6.33333 8.83333 10.2292 14.7743 0 
2 33.9127 0 7.62155 11 12.4305 16.8924 0 
4 49.8012 0 10.6875 14.9618 16.6007 20.9236 0 
8 68.7661 0 16.3507 21.2396 23.0729 28.6077 0 
16 81.8386 0 28.4202 35.309 38.6805 46.882 0 
32 85.0624 0 51.9793 75.4723 91.4305 104.632 0 
48 84.8786 0 69.4375 127.868 158.903 187.195 0 
64 84.941 0 79.5555 185.236 241.083 290.457 0 
80 85.2325 0 88.4095 239.847 315.195 395.668 0 
96 85.1913 0 99.1252 297.735 391.223 467.308 0 
112 85.2224 0 107.979 361.168 479.89 573.442 0 
128 85.2618 0 114.563 435.47 593.332 716.61 0 