19.795332 0 7.119048 10.190476 11.904762 16.642857
32.376127 0 8.428571 13.047619 14.690476 18.452381
39.451263 0 14.880952 20.619048 22.666667 28.857143
39.194015 0 32.214286 40.333333 43.333333 50.619048
40.214658 0 60.428571 84.523810 92.714286 110.619048
40.134297 0 90.333333 136.190476 161.809524 187.142857
41.571351 0 106.666667 197.857143 237.333333 284.095238
40.168694 0 127.047619 270.190476 337.904762 397.714286
40.102789 0 135.904762 341.142857 444.380952 527.809524
40.270046 0 153.523810 409.523810 528.190476 626.857143
39.691505 0 155.619048 496.238095 644.380952 769.904762