26.214631 0 8.571429 12.452381 14.238095 18.119048
36.493445 0 13.047619 17.952381 19.952381 25.690476
38.351202 0 24.666667 32.333333 35.000000 40.666667
39.110567 0 50.666667 65.904762 71.428571 83.523810
39.873641 0 92.333333 143.714286 173.809524 196.666667
41.215176 0 119.190476 231.047619 283.333333 327.809524
39.252689 0 128.190476 325.142857 391.619048 457.904762
41.277328 0 126.285714 418.904762 510.285714 606.095238
42.548150 0 145.666667 537.142857 665.142857 779.809524
39.645635 0 195.714286 654.857143 852.571429 1036.952381
41.442744 0 183.428571 797.285714 1057.523810 1249.904762
