31.106284 0 10.000000 14.333333 16.309524 21.047619
41.560824 0 15.404762 22.047619 24.166667 29.619048
41.026743 0 32.666667 43.547619 46.904762 52.285714
40.848901 0 69.285714 90.666667 109.619048 124.619048
41.765672 0 103.952381 199.476190 240.095238 276.761905
41.189883 0 130.761905 329.904762 400.190476 462.285714
39.069488 0 170.571429 486.666667 615.809524 711.619048
41.867043 0 165.238095 560.761905 712.380952 827.047619
39.608369 0 224.095238 731.047619 932.571429 1083.047619
40.544452 0 201.333333 894.571429 1144.380952 1292.571429
39.211564 0 253.523810 1070.857143 1322.666667 1322.666667
