31.842987 0 9.047619 13.023810 14.880952 19.785714
36.147075 0 16.714286 23.809524 26.571429 32.952381
36.036862 0 31.904762 46.714286 51.523810 59.666667
34.253785 0 72.666667 93.809524 101.476190 116.285714
34.963193 0 137.428571 195.047619 203.619048 229.809524
34.418499 0 212.952381 261.333333 301.904762 369.333333
35.459065 0 281.333333 355.238095 415.428571 508.190476
34.509829 0 366.476190 485.333333 584.000000 683.809524
34.407720 0 421.333333 625.142857 744.380952 867.428571
34.593610 0 475.428571 779.428571 951.619048 1112.000000
34.071910 0 517.142857 916.190476 1139.809524 1314.285714
